0000000000000000000000000000000000000000000000000000000000000000000000000000000
0000000000000000000000000000000000000000000000110000001100000000000000000000000
0000000000000000000000000000000100110000000001001000010010000000000000000000000
0000000000000010000000000000000101111000000010110100101101000000000000000000000
0000000110000101000001100110011001111000000010110100101101000000000000000000000
0000000101001000110010010101100001111000000001001000010010000000000000000000000
0110000110001000110010010110011010110100010000110000001100011000000000000000000
0110000101001000110010010101000100110010111000000000000000011000000000000000000
0000000110000101000001100110001100000010011100000000000000111000000000000000000
0000000000000010000000000000110100000010001111111111111111100000000000000000000
0000000000000000000000000000000100000010000011111111111111000000000000000000000
0000000000000000000000000000000100000010000000000000000000000000000000000000000
0000000000000000000000000000000100000010000000000000000000000000000000000000000
0000000000000000000000000000000100000010000000000000000000000000000000000000000
0000000000000000000000000000000100000010010010000000000000000000000000000000000
0000000000000000000000000000000100000010010100000000000000000000000000000000000
0000000000000000000000001001110100000010111000000000000000000000000000000000000
0000000000000000000000000110001100000011000110000000000000000000000000000000000
0000000000000000000000001100000100000010000011100000000000000000000000000000000
0000000000000000000000011000000000000000000001000000000000000000000000000000000
0000000000000000000000011000000000000000000010000000000000000000000000000000000
0000000000000000000000001000000000000000000101000000000000000000000000000000000
0000000000000000000000000100000000000000001010000000000000000000000000000000000
0000000000000000000000000011111111111111110000000000000000000000000000000000000
0000000000000000000000000000000000000000000000000000000000000000000000000000000
